 x,rho,vitesse,pression
  0.2500E-02,  0.1000E+01,  0.0000E+00,  0.1000E+01
  0.5000E-02,  0.1000E+01,  0.0000E+00,  0.1000E+01
  0.7500E-02,  0.1000E+01,  0.0000E+00,  0.1000E+01
  0.1000E-01,  0.1000E+01,  0.0000E+00,  0.1000E+01
  0.1250E-01,  0.1000E+01,  0.0000E+00,  0.1000E+01
  0.1500E-01,  0.1000E+01,  0.0000E+00,  0.1000E+01
  0.1750E-01,  0.1000E+01,  0.0000E+00,  0.1000E+01
  0.2000E-01,  0.1000E+01,  0.0000E+00,  0.1000E+01
  0.2250E-01,  0.1000E+01,  0.0000E+00,  0.1000E+01
  0.2500E-01,  0.1000E+01,  0.0000E+00,  0.1000E+01
  0.2750E-01,  0.1000E+01,  0.0000E+00,  0.1000E+01
  0.3000E-01,  0.1000E+01,  0.0000E+00,  0.1000E+01
  0.3250E-01,  0.1000E+01,  0.0000E+00,  0.1000E+01
  0.3500E-01,  0.1000E+01,  0.0000E+00,  0.1000E+01
  0.3750E-01,  0.1000E+01,  0.0000E+00,  0.1000E+01
  0.4000E-01,  0.1000E+01,  0.0000E+00,  0.1000E+01
  0.4250E-01,  0.1000E+01,  0.0000E+00,  0.1000E+01
  0.4500E-01,  0.1000E+01,  0.0000E+00,  0.1000E+01
  0.4750E-01,  0.1000E+01,  0.0000E+00,  0.1000E+01
  0.5000E-01,  0.1000E+01,  0.0000E+00,  0.1000E+01
  0.5250E-01,  0.1000E+01,  0.0000E+00,  0.1000E+01
  0.5500E-01,  0.1000E+01,  0.0000E+00,  0.1000E+01
  0.5750E-01,  0.1000E+01,  0.0000E+00,  0.1000E+01
  0.6000E-01,  0.1000E+01,  0.0000E+00,  0.1000E+01
  0.6250E-01,  0.1000E+01,  0.0000E+00,  0.1000E+01
  0.6500E-01,  0.1000E+01,  0.0000E+00,  0.1000E+01
  0.6750E-01,  0.1000E+01,  0.0000E+00,  0.1000E+01
  0.7000E-01,  0.1000E+01,  0.0000E+00,  0.1000E+01
  0.7250E-01,  0.1000E+01,  0.0000E+00,  0.1000E+01
  0.7500E-01,  0.1000E+01,  0.0000E+00,  0.1000E+01
  0.7750E-01,  0.1000E+01,  0.0000E+00,  0.1000E+01
  0.8000E-01,  0.1000E+01,  0.0000E+00,  0.1000E+01
  0.8250E-01,  0.1000E+01,  0.0000E+00,  0.1000E+01
  0.8500E-01,  0.1000E+01,  0.0000E+00,  0.1000E+01
  0.8750E-01,  0.1000E+01,  0.0000E+00,  0.1000E+01
  0.9000E-01,  0.1000E+01,  0.0000E+00,  0.1000E+01
  0.9250E-01,  0.1000E+01,  0.0000E+00,  0.1000E+01
  0.9500E-01,  0.1000E+01,  0.0000E+00,  0.1000E+01
  0.9750E-01,  0.1000E+01,  0.0000E+00,  0.1000E+01
  0.1000E+00,  0.1000E+01,  0.0000E+00,  0.1000E+01
  0.1025E+00,  0.1000E+01,  0.0000E+00,  0.1000E+01
  0.1050E+00,  0.1000E+01,  0.0000E+00,  0.1000E+01
  0.1075E+00,  0.1000E+01,  0.0000E+00,  0.1000E+01
  0.1100E+00,  0.1000E+01,  0.0000E+00,  0.1000E+01
  0.1125E+00,  0.1000E+01,  0.0000E+00,  0.1000E+01
  0.1150E+00,  0.1000E+01,  0.0000E+00,  0.1000E+01
  0.1175E+00,  0.1000E+01,  0.0000E+00,  0.1000E+01
  0.1200E+00,  0.1000E+01,  0.0000E+00,  0.1000E+01
  0.1225E+00,  0.1000E+01,  0.0000E+00,  0.1000E+01
  0.1250E+00,  0.1000E+01,  0.0000E+00,  0.1000E+01
  0.1275E+00,  0.1000E+01,  0.0000E+00,  0.1000E+01
  0.1300E+00,  0.1000E+01,  0.0000E+00,  0.1000E+01
  0.1325E+00,  0.1000E+01,  0.0000E+00,  0.1000E+01
  0.1350E+00,  0.1000E+01,  0.0000E+00,  0.1000E+01
  0.1375E+00,  0.1000E+01,  0.0000E+00,  0.1000E+01
  0.1400E+00,  0.1000E+01,  0.0000E+00,  0.1000E+01
  0.1425E+00,  0.1000E+01,  0.0000E+00,  0.1000E+01
  0.1450E+00,  0.1000E+01,  0.0000E+00,  0.1000E+01
  0.1475E+00,  0.1000E+01,  0.0000E+00,  0.1000E+01
  0.1500E+00,  0.1000E+01,  0.0000E+00,  0.1000E+01
  0.1525E+00,  0.1000E+01,  0.0000E+00,  0.1000E+01
  0.1550E+00,  0.1000E+01,  0.0000E+00,  0.1000E+01
  0.1575E+00,  0.1000E+01,  0.0000E+00,  0.1000E+01
  0.1600E+00,  0.1000E+01,  0.0000E+00,  0.1000E+01
  0.1625E+00,  0.1000E+01,  0.0000E+00,  0.1000E+01
  0.1650E+00,  0.1000E+01,  0.0000E+00,  0.1000E+01
  0.1675E+00,  0.1000E+01,  0.0000E+00,  0.1000E+01
  0.1700E+00,  0.1000E+01,  0.0000E+00,  0.1000E+01
  0.1725E+00,  0.1000E+01,  0.0000E+00,  0.1000E+01
  0.1750E+00,  0.1000E+01,  0.0000E+00,  0.1000E+01
  0.1775E+00,  0.1000E+01,  0.0000E+00,  0.1000E+01
  0.1800E+00,  0.1000E+01,  0.0000E+00,  0.1000E+01
  0.1825E+00,  0.1000E+01,  0.0000E+00,  0.1000E+01
  0.1850E+00,  0.1000E+01,  0.0000E+00,  0.1000E+01
  0.1875E+00,  0.1000E+01,  0.0000E+00,  0.1000E+01
  0.1900E+00,  0.1000E+01,  0.0000E+00,  0.1000E+01
  0.1925E+00,  0.1000E+01,  0.0000E+00,  0.1000E+01
  0.1950E+00,  0.1000E+01,  0.0000E+00,  0.1000E+01
  0.1975E+00,  0.1000E+01,  0.0000E+00,  0.1000E+01
  0.2000E+00,  0.1000E+01,  0.0000E+00,  0.1000E+01
  0.2025E+00,  0.1000E+01,  0.0000E+00,  0.1000E+01
  0.2050E+00,  0.1000E+01,  0.0000E+00,  0.1000E+01
  0.2075E+00,  0.1000E+01,  0.0000E+00,  0.1000E+01
  0.2100E+00,  0.1000E+01,  0.0000E+00,  0.1000E+01
  0.2125E+00,  0.1000E+01,  0.0000E+00,  0.1000E+01
  0.2150E+00,  0.1000E+01,  0.0000E+00,  0.1000E+01
  0.2175E+00,  0.1000E+01,  0.0000E+00,  0.1000E+01
  0.2200E+00,  0.1000E+01,  0.0000E+00,  0.1000E+01
  0.2225E+00,  0.1000E+01,  0.0000E+00,  0.1000E+01
  0.2250E+00,  0.1000E+01,  0.0000E+00,  0.1000E+01
  0.2275E+00,  0.1000E+01,  0.0000E+00,  0.1000E+01
  0.2300E+00,  0.1000E+01,  0.0000E+00,  0.1000E+01
  0.2325E+00,  0.1000E+01,  0.0000E+00,  0.1000E+01
  0.2350E+00,  0.1000E+01,  0.0000E+00,  0.1000E+01
  0.2375E+00,  0.1000E+01,  0.0000E+00,  0.1000E+01
  0.2400E+00,  0.1000E+01,  0.0000E+00,  0.1000E+01
  0.2425E+00,  0.1000E+01,  0.0000E+00,  0.1000E+01
  0.2450E+00,  0.1000E+01,  0.0000E+00,  0.1000E+01
  0.2475E+00,  0.1000E+01,  0.0000E+00,  0.1000E+01
  0.2500E+00,  0.1000E+01,  0.0000E+00,  0.1000E+01
  0.2525E+00,  0.1000E+01,  0.0000E+00,  0.1000E+01
  0.2550E+00,  0.1000E+01,  0.0000E+00,  0.1000E+01
  0.2575E+00,  0.1000E+01,  0.0000E+00,  0.1000E+01
  0.2600E+00,  0.1000E+01,  0.0000E+00,  0.1000E+01
  0.2625E+00,  0.1000E+01,  0.0000E+00,  0.1000E+01
  0.2650E+00,  0.1000E+01,  0.0000E+00,  0.1000E+01
  0.2675E+00,  0.1000E+01,  0.0000E+00,  0.1000E+01
  0.2700E+00,  0.1000E+01,  0.0000E+00,  0.1000E+01
  0.2725E+00,  0.1000E+01,  0.0000E+00,  0.1000E+01
  0.2750E+00,  0.1000E+01,  0.0000E+00,  0.1000E+01
  0.2775E+00,  0.1000E+01,  0.0000E+00,  0.1000E+01
  0.2800E+00,  0.1000E+01,  0.0000E+00,  0.1000E+01
  0.2825E+00,  0.1000E+01,  0.0000E+00,  0.1000E+01
  0.2850E+00,  0.1000E+01,  0.0000E+00,  0.1000E+01
  0.2875E+00,  0.1000E+01,  0.0000E+00,  0.1000E+01
  0.2900E+00,  0.1000E+01,  0.0000E+00,  0.1000E+01
  0.2925E+00,  0.1000E+01,  0.0000E+00,  0.1000E+01
  0.2950E+00,  0.1000E+01,  0.0000E+00,  0.1000E+01
  0.2975E+00,  0.1000E+01,  0.0000E+00,  0.1000E+01
  0.3000E+00,  0.1000E+01,  0.0000E+00,  0.1000E+01
  0.3025E+00,  0.1000E+01,  0.0000E+00,  0.1000E+01
  0.3050E+00,  0.1000E+01,  0.0000E+00,  0.1000E+01
  0.3075E+00,  0.1000E+01,  0.0000E+00,  0.1000E+01
  0.3100E+00,  0.1000E+01,  0.0000E+00,  0.1000E+01
  0.3125E+00,  0.1000E+01,  0.0000E+00,  0.1000E+01
  0.3150E+00,  0.1000E+01,  0.0000E+00,  0.1000E+01
  0.3175E+00,  0.1000E+01,  0.0000E+00,  0.1000E+01
  0.3200E+00,  0.1000E+01,  0.0000E+00,  0.1000E+01
  0.3225E+00,  0.1000E+01,  0.0000E+00,  0.1000E+01
  0.3250E+00,  0.1000E+01,  0.0000E+00,  0.1000E+01
  0.3275E+00,  0.1000E+01,  0.0000E+00,  0.1000E+01
  0.3300E+00,  0.1000E+01,  0.0000E+00,  0.1000E+01
  0.3325E+00,  0.1000E+01,  0.0000E+00,  0.1000E+01
  0.3350E+00,  0.9967E+00,  0.3870E-02,  0.9954E+00
  0.3375E+00,  0.9843E+00,  0.1875E-01,  0.9780E+00
  0.3400E+00,  0.9719E+00,  0.3363E-01,  0.9609E+00
  0.3425E+00,  0.9597E+00,  0.4851E-01,  0.9440E+00
  0.3450E+00,  0.9476E+00,  0.6339E-01,  0.9274E+00
  0.3475E+00,  0.9356E+00,  0.7828E-01,  0.9110E+00
  0.3500E+00,  0.9237E+00,  0.9316E-01,  0.8948E+00
  0.3525E+00,  0.9120E+00,  0.1080E+00,  0.8790E+00
  0.3550E+00,  0.9003E+00,  0.1229E+00,  0.8633E+00
  0.3575E+00,  0.8888E+00,  0.1378E+00,  0.8479E+00
  0.3600E+00,  0.8775E+00,  0.1527E+00,  0.8327E+00
  0.3625E+00,  0.8662E+00,  0.1676E+00,  0.8178E+00
  0.3650E+00,  0.8550E+00,  0.1824E+00,  0.8031E+00
  0.3675E+00,  0.8440E+00,  0.1973E+00,  0.7886E+00
  0.3700E+00,  0.8331E+00,  0.2122E+00,  0.7744E+00
  0.3725E+00,  0.8223E+00,  0.2271E+00,  0.7603E+00
  0.3750E+00,  0.8116E+00,  0.2420E+00,  0.7465E+00
  0.3775E+00,  0.8010E+00,  0.2568E+00,  0.7329E+00
  0.3800E+00,  0.7905E+00,  0.2717E+00,  0.7195E+00
  0.3825E+00,  0.7801E+00,  0.2866E+00,  0.7064E+00
  0.3850E+00,  0.7699E+00,  0.3015E+00,  0.6934E+00
  0.3875E+00,  0.7597E+00,  0.3164E+00,  0.6806E+00
  0.3900E+00,  0.7497E+00,  0.3313E+00,  0.6681E+00
  0.3925E+00,  0.7398E+00,  0.3461E+00,  0.6557E+00
  0.3950E+00,  0.7299E+00,  0.3610E+00,  0.6436E+00
  0.3975E+00,  0.7202E+00,  0.3759E+00,  0.6316E+00
  0.4000E+00,  0.7106E+00,  0.3908E+00,  0.6198E+00
  0.4025E+00,  0.7011E+00,  0.4057E+00,  0.6082E+00
  0.4050E+00,  0.6916E+00,  0.4205E+00,  0.5968E+00
  0.4075E+00,  0.6823E+00,  0.4354E+00,  0.5856E+00
  0.4100E+00,  0.6731E+00,  0.4503E+00,  0.5745E+00
  0.4125E+00,  0.6640E+00,  0.4652E+00,  0.5637E+00
  0.4150E+00,  0.6550E+00,  0.4801E+00,  0.5530E+00
  0.4175E+00,  0.6461E+00,  0.4949E+00,  0.5425E+00
  0.4200E+00,  0.6373E+00,  0.5098E+00,  0.5322E+00
  0.4225E+00,  0.6285E+00,  0.5247E+00,  0.5220E+00
  0.4250E+00,  0.6199E+00,  0.5396E+00,  0.5120E+00
  0.4275E+00,  0.6114E+00,  0.5545E+00,  0.5021E+00
  0.4300E+00,  0.6029E+00,  0.5693E+00,  0.4925E+00
  0.4325E+00,  0.5946E+00,  0.5842E+00,  0.4830E+00
  0.4350E+00,  0.5863E+00,  0.5991E+00,  0.4736E+00
  0.4375E+00,  0.5782E+00,  0.6140E+00,  0.4644E+00
  0.4400E+00,  0.5701E+00,  0.6289E+00,  0.4554E+00
  0.4425E+00,  0.5621E+00,  0.6438E+00,  0.4465E+00
  0.4450E+00,  0.5542E+00,  0.6586E+00,  0.4377E+00
  0.4475E+00,  0.5464E+00,  0.6735E+00,  0.4291E+00
  0.4500E+00,  0.5387E+00,  0.6884E+00,  0.4207E+00
  0.4525E+00,  0.5311E+00,  0.7033E+00,  0.4123E+00
  0.4550E+00,  0.5236E+00,  0.7182E+00,  0.4042E+00
  0.4575E+00,  0.5161E+00,  0.7330E+00,  0.3961E+00
  0.4600E+00,  0.5088E+00,  0.7479E+00,  0.3883E+00
  0.4625E+00,  0.5015E+00,  0.7628E+00,  0.3805E+00
  0.4650E+00,  0.4943E+00,  0.7777E+00,  0.3729E+00
  0.4675E+00,  0.4872E+00,  0.7926E+00,  0.3654E+00
  0.4700E+00,  0.4801E+00,  0.8074E+00,  0.3580E+00
  0.4725E+00,  0.4732E+00,  0.8223E+00,  0.3508E+00
  0.4750E+00,  0.4663E+00,  0.8372E+00,  0.3437E+00
  0.4775E+00,  0.4631E+00,  0.8442E+00,  0.3404E+00
  0.4800E+00,  0.4631E+00,  0.8442E+00,  0.3404E+00
  0.4825E+00,  0.4631E+00,  0.8442E+00,  0.3404E+00
  0.4850E+00,  0.4631E+00,  0.8442E+00,  0.3404E+00
  0.4875E+00,  0.4631E+00,  0.8442E+00,  0.3404E+00
  0.4900E+00,  0.4631E+00,  0.8442E+00,  0.3404E+00
  0.4925E+00,  0.4631E+00,  0.8442E+00,  0.3404E+00
  0.4950E+00,  0.4631E+00,  0.8442E+00,  0.3404E+00
  0.4975E+00,  0.4631E+00,  0.8442E+00,  0.3404E+00
  0.5000E+00,  0.4631E+00,  0.8442E+00,  0.3404E+00
  0.5025E+00,  0.4631E+00,  0.8442E+00,  0.3404E+00
  0.5050E+00,  0.4631E+00,  0.8442E+00,  0.3404E+00
  0.5075E+00,  0.4631E+00,  0.8442E+00,  0.3404E+00
  0.5100E+00,  0.4631E+00,  0.8442E+00,  0.3404E+00
  0.5125E+00,  0.4631E+00,  0.8442E+00,  0.3404E+00
  0.5150E+00,  0.4631E+00,  0.8442E+00,  0.3404E+00
  0.5175E+00,  0.4631E+00,  0.8442E+00,  0.3404E+00
  0.5200E+00,  0.4631E+00,  0.8442E+00,  0.3404E+00
  0.5225E+00,  0.4631E+00,  0.8442E+00,  0.3404E+00
  0.5250E+00,  0.4631E+00,  0.8442E+00,  0.3404E+00
  0.5275E+00,  0.4631E+00,  0.8442E+00,  0.3404E+00
  0.5300E+00,  0.4631E+00,  0.8442E+00,  0.3404E+00
  0.5325E+00,  0.4631E+00,  0.8442E+00,  0.3404E+00
  0.5350E+00,  0.4631E+00,  0.8442E+00,  0.3404E+00
  0.5375E+00,  0.4631E+00,  0.8442E+00,  0.3404E+00
  0.5400E+00,  0.4631E+00,  0.8442E+00,  0.3404E+00
  0.5425E+00,  0.4631E+00,  0.8442E+00,  0.3404E+00
  0.5450E+00,  0.4631E+00,  0.8442E+00,  0.3404E+00
  0.5475E+00,  0.4631E+00,  0.8442E+00,  0.3404E+00
  0.5500E+00,  0.4631E+00,  0.8442E+00,  0.3404E+00
  0.5525E+00,  0.4631E+00,  0.8442E+00,  0.3404E+00
  0.5550E+00,  0.4631E+00,  0.8442E+00,  0.3404E+00
  0.5575E+00,  0.4631E+00,  0.8442E+00,  0.3404E+00
  0.5600E+00,  0.4631E+00,  0.8442E+00,  0.3404E+00
  0.5625E+00,  0.4631E+00,  0.8442E+00,  0.3404E+00
  0.5650E+00,  0.4631E+00,  0.8442E+00,  0.3404E+00
  0.5675E+00,  0.4631E+00,  0.8442E+00,  0.3404E+00
  0.5700E+00,  0.4631E+00,  0.8442E+00,  0.3404E+00
  0.5725E+00,  0.4631E+00,  0.8442E+00,  0.3404E+00
  0.5750E+00,  0.4631E+00,  0.8442E+00,  0.3404E+00
  0.5775E+00,  0.4631E+00,  0.8442E+00,  0.3404E+00
  0.5800E+00,  0.4631E+00,  0.8442E+00,  0.3404E+00
  0.5825E+00,  0.4631E+00,  0.8442E+00,  0.3404E+00
  0.5850E+00,  0.4631E+00,  0.8442E+00,  0.3404E+00
  0.5875E+00,  0.4631E+00,  0.8442E+00,  0.3404E+00
  0.5900E+00,  0.4631E+00,  0.8442E+00,  0.3404E+00
  0.5925E+00,  0.4631E+00,  0.8442E+00,  0.3404E+00
  0.5950E+00,  0.4631E+00,  0.8442E+00,  0.3404E+00
  0.5975E+00,  0.4631E+00,  0.8442E+00,  0.3404E+00
  0.6000E+00,  0.4631E+00,  0.8442E+00,  0.3404E+00
  0.6025E+00,  0.4631E+00,  0.8442E+00,  0.3404E+00
  0.6050E+00,  0.4631E+00,  0.8442E+00,  0.3404E+00
  0.6075E+00,  0.4631E+00,  0.8442E+00,  0.3404E+00
  0.6100E+00,  0.4631E+00,  0.8442E+00,  0.3404E+00
  0.6125E+00,  0.4631E+00,  0.8442E+00,  0.3404E+00
  0.6150E+00,  0.4631E+00,  0.8442E+00,  0.3404E+00
  0.6175E+00,  0.4631E+00,  0.8442E+00,  0.3404E+00
  0.6200E+00,  0.1986E+00,  0.8442E+00,  0.3404E+00
  0.6225E+00,  0.1986E+00,  0.8442E+00,  0.3404E+00
  0.6250E+00,  0.1986E+00,  0.8442E+00,  0.3404E+00
  0.6275E+00,  0.1986E+00,  0.8442E+00,  0.3404E+00
  0.6300E+00,  0.1986E+00,  0.8442E+00,  0.3404E+00
  0.6325E+00,  0.1986E+00,  0.8442E+00,  0.3404E+00
  0.6350E+00,  0.1986E+00,  0.8442E+00,  0.3404E+00
  0.6375E+00,  0.1986E+00,  0.8442E+00,  0.3404E+00
  0.6400E+00,  0.1986E+00,  0.8442E+00,  0.3404E+00
  0.6425E+00,  0.1986E+00,  0.8442E+00,  0.3404E+00
  0.6450E+00,  0.1986E+00,  0.8442E+00,  0.3404E+00
  0.6475E+00,  0.1986E+00,  0.8442E+00,  0.3404E+00
  0.6500E+00,  0.1986E+00,  0.8442E+00,  0.3404E+00
  0.6525E+00,  0.1986E+00,  0.8442E+00,  0.3404E+00
  0.6550E+00,  0.1986E+00,  0.8442E+00,  0.3404E+00
  0.6575E+00,  0.1986E+00,  0.8442E+00,  0.3404E+00
  0.6600E+00,  0.1986E+00,  0.8442E+00,  0.3404E+00
  0.6625E+00,  0.1986E+00,  0.8442E+00,  0.3404E+00
  0.6650E+00,  0.1986E+00,  0.8442E+00,  0.3404E+00
  0.6675E+00,  0.1986E+00,  0.8442E+00,  0.3404E+00
  0.6700E+00,  0.1986E+00,  0.8442E+00,  0.3404E+00
  0.6725E+00,  0.1986E+00,  0.8442E+00,  0.3404E+00
  0.6750E+00,  0.1986E+00,  0.8442E+00,  0.3404E+00
  0.6775E+00,  0.1986E+00,  0.8442E+00,  0.3404E+00
  0.6800E+00,  0.1986E+00,  0.8442E+00,  0.3404E+00
  0.6825E+00,  0.1986E+00,  0.8442E+00,  0.3404E+00
  0.6850E+00,  0.1986E+00,  0.8442E+00,  0.3404E+00
  0.6875E+00,  0.1986E+00,  0.8442E+00,  0.3404E+00
  0.6900E+00,  0.1986E+00,  0.8442E+00,  0.3404E+00
  0.6925E+00,  0.1986E+00,  0.8442E+00,  0.3404E+00
  0.6950E+00,  0.1986E+00,  0.8442E+00,  0.3404E+00
  0.6975E+00,  0.1986E+00,  0.8442E+00,  0.3404E+00
  0.7000E+00,  0.1986E+00,  0.8442E+00,  0.3404E+00
  0.7025E+00,  0.1986E+00,  0.8442E+00,  0.3404E+00
  0.7050E+00,  0.1986E+00,  0.8442E+00,  0.3404E+00
  0.7075E+00,  0.1986E+00,  0.8442E+00,  0.3404E+00
  0.7100E+00,  0.1986E+00,  0.8442E+00,  0.3404E+00
  0.7125E+00,  0.1986E+00,  0.8442E+00,  0.3404E+00
  0.7150E+00,  0.1986E+00,  0.8442E+00,  0.3404E+00
  0.7175E+00,  0.1986E+00,  0.8442E+00,  0.3404E+00
  0.7200E+00,  0.1986E+00,  0.8442E+00,  0.3404E+00
  0.7225E+00,  0.1986E+00,  0.8442E+00,  0.3404E+00
  0.7250E+00,  0.1986E+00,  0.8442E+00,  0.3404E+00
  0.7275E+00,  0.1986E+00,  0.8442E+00,  0.3404E+00
  0.7300E+00,  0.1986E+00,  0.8442E+00,  0.3404E+00
  0.7325E+00,  0.1986E+00,  0.8442E+00,  0.3404E+00
  0.7350E+00,  0.1986E+00,  0.8442E+00,  0.3404E+00
  0.7375E+00,  0.1986E+00,  0.8442E+00,  0.3404E+00
  0.7400E+00,  0.1986E+00,  0.8442E+00,  0.3404E+00
  0.7425E+00,  0.1986E+00,  0.8442E+00,  0.3404E+00
  0.7450E+00,  0.1986E+00,  0.8442E+00,  0.3404E+00
  0.7475E+00,  0.1986E+00,  0.8442E+00,  0.3404E+00
  0.7500E+00,  0.1986E+00,  0.8442E+00,  0.3404E+00
  0.7525E+00,  0.1986E+00,  0.8442E+00,  0.3404E+00
  0.7550E+00,  0.1986E+00,  0.8442E+00,  0.3404E+00
  0.7575E+00,  0.1986E+00,  0.8442E+00,  0.3404E+00
  0.7600E+00,  0.1986E+00,  0.8442E+00,  0.3404E+00
  0.7625E+00,  0.1986E+00,  0.8442E+00,  0.3404E+00
  0.7650E+00,  0.1986E+00,  0.8442E+00,  0.3404E+00
  0.7675E+00,  0.1986E+00,  0.8442E+00,  0.3404E+00
  0.7700E+00,  0.1986E+00,  0.8442E+00,  0.3404E+00
  0.7725E+00,  0.1986E+00,  0.8442E+00,  0.3404E+00
  0.7750E+00,  0.1986E+00,  0.8442E+00,  0.3404E+00
  0.7775E+00,  0.1986E+00,  0.8442E+00,  0.3404E+00
  0.7800E+00,  0.1986E+00,  0.8442E+00,  0.3404E+00
  0.7825E+00,  0.1986E+00,  0.8442E+00,  0.3404E+00
  0.7850E+00,  0.1986E+00,  0.8442E+00,  0.3404E+00
  0.7875E+00,  0.1986E+00,  0.8442E+00,  0.3404E+00
  0.7900E+00,  0.1986E+00,  0.8442E+00,  0.3404E+00
  0.7925E+00,  0.1986E+00,  0.8442E+00,  0.3404E+00
  0.7950E+00,  0.1986E+00,  0.8442E+00,  0.3404E+00
  0.7975E+00,  0.1986E+00,  0.8442E+00,  0.3404E+00
  0.8000E+00,  0.1986E+00,  0.8442E+00,  0.3404E+00
  0.8025E+00,  0.1986E+00,  0.8442E+00,  0.3404E+00
  0.8050E+00,  0.1986E+00,  0.8442E+00,  0.3404E+00
  0.8075E+00,  0.1986E+00,  0.8442E+00,  0.3404E+00
  0.8100E+00,  0.1986E+00,  0.8442E+00,  0.3404E+00
  0.8125E+00,  0.1986E+00,  0.8442E+00,  0.3404E+00
  0.8150E+00,  0.1986E+00,  0.8442E+00,  0.3404E+00
  0.8175E+00,  0.1986E+00,  0.8442E+00,  0.3404E+00
  0.8200E+00,  0.1250E+00,  0.0000E+00,  0.1000E+00
  0.8225E+00,  0.1250E+00,  0.0000E+00,  0.1000E+00
  0.8250E+00,  0.1250E+00,  0.0000E+00,  0.1000E+00
  0.8275E+00,  0.1250E+00,  0.0000E+00,  0.1000E+00
  0.8300E+00,  0.1250E+00,  0.0000E+00,  0.1000E+00
  0.8325E+00,  0.1250E+00,  0.0000E+00,  0.1000E+00
  0.8350E+00,  0.1250E+00,  0.0000E+00,  0.1000E+00
  0.8375E+00,  0.1250E+00,  0.0000E+00,  0.1000E+00
  0.8400E+00,  0.1250E+00,  0.0000E+00,  0.1000E+00
  0.8425E+00,  0.1250E+00,  0.0000E+00,  0.1000E+00
  0.8450E+00,  0.1250E+00,  0.0000E+00,  0.1000E+00
  0.8475E+00,  0.1250E+00,  0.0000E+00,  0.1000E+00
  0.8500E+00,  0.1250E+00,  0.0000E+00,  0.1000E+00
  0.8525E+00,  0.1250E+00,  0.0000E+00,  0.1000E+00
  0.8550E+00,  0.1250E+00,  0.0000E+00,  0.1000E+00
  0.8575E+00,  0.1250E+00,  0.0000E+00,  0.1000E+00
  0.8600E+00,  0.1250E+00,  0.0000E+00,  0.1000E+00
  0.8625E+00,  0.1250E+00,  0.0000E+00,  0.1000E+00
  0.8650E+00,  0.1250E+00,  0.0000E+00,  0.1000E+00
  0.8675E+00,  0.1250E+00,  0.0000E+00,  0.1000E+00
  0.8700E+00,  0.1250E+00,  0.0000E+00,  0.1000E+00
  0.8725E+00,  0.1250E+00,  0.0000E+00,  0.1000E+00
  0.8750E+00,  0.1250E+00,  0.0000E+00,  0.1000E+00
  0.8775E+00,  0.1250E+00,  0.0000E+00,  0.1000E+00
  0.8800E+00,  0.1250E+00,  0.0000E+00,  0.1000E+00
  0.8825E+00,  0.1250E+00,  0.0000E+00,  0.1000E+00
  0.8850E+00,  0.1250E+00,  0.0000E+00,  0.1000E+00
  0.8875E+00,  0.1250E+00,  0.0000E+00,  0.1000E+00
  0.8900E+00,  0.1250E+00,  0.0000E+00,  0.1000E+00
  0.8925E+00,  0.1250E+00,  0.0000E+00,  0.1000E+00
  0.8950E+00,  0.1250E+00,  0.0000E+00,  0.1000E+00
  0.8975E+00,  0.1250E+00,  0.0000E+00,  0.1000E+00
  0.9000E+00,  0.1250E+00,  0.0000E+00,  0.1000E+00
  0.9025E+00,  0.1250E+00,  0.0000E+00,  0.1000E+00
  0.9050E+00,  0.1250E+00,  0.0000E+00,  0.1000E+00
  0.9075E+00,  0.1250E+00,  0.0000E+00,  0.1000E+00
  0.9100E+00,  0.1250E+00,  0.0000E+00,  0.1000E+00
  0.9125E+00,  0.1250E+00,  0.0000E+00,  0.1000E+00
  0.9150E+00,  0.1250E+00,  0.0000E+00,  0.1000E+00
  0.9175E+00,  0.1250E+00,  0.0000E+00,  0.1000E+00
  0.9200E+00,  0.1250E+00,  0.0000E+00,  0.1000E+00
  0.9225E+00,  0.1250E+00,  0.0000E+00,  0.1000E+00
  0.9250E+00,  0.1250E+00,  0.0000E+00,  0.1000E+00
  0.9275E+00,  0.1250E+00,  0.0000E+00,  0.1000E+00
  0.9300E+00,  0.1250E+00,  0.0000E+00,  0.1000E+00
  0.9325E+00,  0.1250E+00,  0.0000E+00,  0.1000E+00
  0.9350E+00,  0.1250E+00,  0.0000E+00,  0.1000E+00
  0.9375E+00,  0.1250E+00,  0.0000E+00,  0.1000E+00
  0.9400E+00,  0.1250E+00,  0.0000E+00,  0.1000E+00
  0.9425E+00,  0.1250E+00,  0.0000E+00,  0.1000E+00
  0.9450E+00,  0.1250E+00,  0.0000E+00,  0.1000E+00
  0.9475E+00,  0.1250E+00,  0.0000E+00,  0.1000E+00
  0.9500E+00,  0.1250E+00,  0.0000E+00,  0.1000E+00
  0.9525E+00,  0.1250E+00,  0.0000E+00,  0.1000E+00
  0.9550E+00,  0.1250E+00,  0.0000E+00,  0.1000E+00
  0.9575E+00,  0.1250E+00,  0.0000E+00,  0.1000E+00
  0.9600E+00,  0.1250E+00,  0.0000E+00,  0.1000E+00
  0.9625E+00,  0.1250E+00,  0.0000E+00,  0.1000E+00
  0.9650E+00,  0.1250E+00,  0.0000E+00,  0.1000E+00
  0.9675E+00,  0.1250E+00,  0.0000E+00,  0.1000E+00
  0.9700E+00,  0.1250E+00,  0.0000E+00,  0.1000E+00
  0.9725E+00,  0.1250E+00,  0.0000E+00,  0.1000E+00
  0.9750E+00,  0.1250E+00,  0.0000E+00,  0.1000E+00
  0.9775E+00,  0.1250E+00,  0.0000E+00,  0.1000E+00
  0.9800E+00,  0.1250E+00,  0.0000E+00,  0.1000E+00
  0.9825E+00,  0.1250E+00,  0.0000E+00,  0.1000E+00
  0.9850E+00,  0.1250E+00,  0.0000E+00,  0.1000E+00
  0.9875E+00,  0.1250E+00,  0.0000E+00,  0.1000E+00
  0.9900E+00,  0.1250E+00,  0.0000E+00,  0.1000E+00
  0.9925E+00,  0.1250E+00,  0.0000E+00,  0.1000E+00
  0.9950E+00,  0.1250E+00,  0.0000E+00,  0.1000E+00
  0.9975E+00,  0.1250E+00,  0.0000E+00,  0.1000E+00
  0.1000E+01,  0.1250E+00,  0.0000E+00,  0.1000E+00
